{"name":"nur24hgproad","class":"DecalRoad","persistentId":"a19ce1de-6fd4-41ca-a213-92653a169657","__parent":"gpTrack","position":[-1136.75378,-2058.69629,438.109467],"decalBias":0.000500001013,"distanceFade":[-1,-1],"drivability":1,"improvedSpline":true,"lanesRight":0,"material":"BlankWhite","nodes":[[-1136.75378,-2058.69629,438.109467,13],[-1168.14258,-2090.37744,437.831635,13],[-1205.24475,-2127.7229,437.43811,13],[-1273.24866,-2196.99438,436.729858,13],[-1370.20813,-2296.40039,435.063141,13],[-1472.54199,-2399.82324,432.516052,11],[-1532.77417,-2446.55054,430.215637,12],[-1601.70874,-2490.49976,426.868744,15],[-1621.0752,-2473.42603,425.87149,16],[-1605.48328,-2418.91943,424.958313,18],[-1594.59619,-2397.58618,425.963287,16],[-1570.89929,-2353.42236,429.135193,13],[-1581.3009,-2303.99048,430.022583,13],[-1633.49805,-2279.20239,429.1875,13],[-1739.05859,-2300.05566,423.802612,13],[-1783.49146,-2327.5625,422.589111,12],[-1785.60242,-2362.68335,422.314484,12],[-1758.6217,-2381.40625,422.699707,12],[-1707.08679,-2385.4165,423.566711,18],[-1687.9729,-2410.40723,424.128693,14],[-1694.63562,-2469.66113,424.772156,12],[-1706.65955,-2549.47974,424.907959,12],[-1722.9137,-2633.12061,423.815643,9],[-1763.61279,-2760.91943,421.829498,9.00000381],[-1781.15808,-2817.11475,420.313324,9],[-1784.25964,-2844.62744,419.457214,8.5],[-1774.33398,-2875.55151,418.324341,8],[-1748.0697,-2899.94604,416.898499,9],[-1715.10474,-2915.89185,415.276703,9],[-1677.92505,-2933.51392,413.225739,9],[-1661.32605,-2946.56787,412.127991,9.5],[-1654.20251,-2968.48047,410.786835,10],[-1665.29431,-2997.91528,408.986847,10],[-1708.87158,-3023.03931,406.117035,10],[-1800.62415,-3074.60986,400.210876,10],[-1897.10449,-3149.77344,393.370514,10],[-1968.51611,-3230.71436,387.614319,10],[-2013.84644,-3300.28931,384.647614,10],[-2037.32373,-3340.68408,383.708771,10],[-2059.93872,-3354.552,383.440338,10],[-2086.90698,-3350.39795,383.29068,10],[-2106.70605,-3324.35425,383.362152,9],[-2101.16162,-3293.43042,383.741791,9],[-2059.47925,-3250.19458,385.026337,9],[-2023.49219,-3214.29321,386.773621,9],[-1937.17566,-3128.88745,393.450989,9],[-1911.922,-3104.12451,396.062225,10],[-1891.95251,-3079.9165,398.584137,10],[-1878.36902,-3041.65869,402.040253,8],[-1879.6875,-3006.7793,404.850586,8],[-1891.3761,-2966.45947,407.959229,9],[-1896.13123,-2928.72949,410.51297,9],[-1890.88147,-2897.14746,412.501251,10],[-1879.39429,-2860.65039,414.610779,10],[-1848.63208,-2764.479,419.021942,10],[-1798.72754,-2608.99219,423.210846,10],[-1784.66321,-2563.8728,424.086273,10],[-1777.02368,-2535.72705,424.587402,10],[-1781.02148,-2512.37549,424.914215,11],[-1799.01465,-2495.72168,425.010132,10],[-1854.72681,-2470.49341,424.754059,10],[-1912.02917,-2444.61938,423.534973,11],[-1935.52417,-2428.76025,422.659943,11],[-1949.79504,-2401.33325,421.49469,11],[-1949.28845,-2374.33667,420.263672,11],[-1938.44141,-2350.90771,418.996521,11],[-1898.87964,-2302.58936,415.203705,10],[-1822.42065,-2209.78662,409.1698,10],[-1735.59814,-2103.99707,406.571136,10],[-1694.93872,-2064.08765,406.599731,10],[-1652.53906,-2043.67505,407.171021,10],[-1599.09326,-2029.35962,408.047943,10],[-1496.06348,-2002.33081,411.194824,10],[-1339.00293,-1961.05042,419.943115,10],[-1289.41284,-1947.88062,423.671417,10],[-1269.75146,-1942.73181,425.183197,10],[-1255.92639,-1936.32678,426.099335,12],[-1255.25806,-1922.3291,426.575012,11],[-1258.66467,-1909.28955,427.178833,12],[-1256.50671,-1898.69751,427.842529,12],[-1242.80884,-1888.93738,428.761963,12],[-1194.875,-1865.95862,431.580658,10],[-1154.03662,-1852.73535,433.619812,8],[-1104.91956,-1841.29626,435.599152,8],[-1033.28931,-1825.73633,437.634155,10],[-1004.35059,-1829.49121,438.246826,11],[-982.704651,-1849.68384,438.686707,12],[-975.851379,-1881.49377,439.107239,12],[-985.086914,-1904.57373,439.192413,12.5000019],[-1016.21912,-1936.35706,439.106293,13],[-1068.08838,-1988.39587,438.655273,13],[-1137.7251,-2059.61011,438.09729,13]],"oneWay":true,"overObjects":true,"renderPriority":1,"startEndFade":[0,1]}
{"name":"nur24hnordroad","class":"DecalRoad","persistentId":"352feb3b-1903-4018-bf66-5d0c7d99e27d","__parent":"gpTrack","position":[-1606.0509,-2490.04053,425.953705],"improvedSpline":true,"material":"BlankWhite","nodes":[[-1606.0509,-2490.04053,425.953705,12],[-1620.65381,-2479.70557,426.155151,12],[-1624.55908,-2457.91455,425.797974,12],[-1638.35938,-2437.19385,425.230377,12],[-1654.28564,-2442.33496,425.505157,12],[-1698.79834,-2499.00513,424.772156,12],[-1706.65955,-2549.47974,424.907959,12],[-1722.9137,-2633.12061,423.815643,9],[-1763.61279,-2760.91943,421.829498,9.00000381],[-1781.15808,-2817.11475,420.313324,9],[-1784.25964,-2844.62744,419.457214,8.5],[-1774.33398,-2875.55151,418.324341,8],[-1748.0697,-2899.94604,416.898499,9],[-1715.10474,-2915.89185,415.276703,9],[-1677.92505,-2933.51392,413.225739,9],[-1661.32605,-2946.56787,412.127991,9.5],[-1654.20251,-2968.48047,410.786835,10],[-1665.29431,-2997.91528,408.986847,10],[-1708.87158,-3023.03931,406.117035,10],[-1800.62415,-3074.60986,400.210876,10],[-1897.10449,-3149.77344,393.370514,10],[-1968.51611,-3230.71436,387.614319,10],[-2013.84644,-3300.28931,384.647614,10],[-2037.32373,-3340.68408,383.708771,10],[-2059.93872,-3354.552,383.440338,10],[-2086.90698,-3350.39795,383.29068,10],[-2106.70605,-3324.35425,383.362152,9],[-2101.16162,-3293.43042,383.741791,9],[-2059.47925,-3250.19458,385.026337,9],[-2023.49219,-3214.29321,386.773621,9],[-1937.17566,-3128.88745,393.450989,9],[-1911.922,-3104.12451,396.062225,10],[-1891.95251,-3079.9165,398.584137,10],[-1878.36902,-3041.65869,402.040253,8],[-1879.6875,-3006.7793,404.850586,8],[-1891.3761,-2966.45947,407.959229,9],[-1896.13123,-2928.72949,410.51297,9],[-1890.88147,-2897.14746,412.501251,10],[-1879.39429,-2860.65039,414.610779,10],[-1848.63208,-2764.479,419.021942,10],[-1798.72754,-2608.99219,423.210846,10],[-1784.66321,-2563.8728,424.086273,10],[-1777.02368,-2535.72705,424.587402,10],[-1781.02148,-2512.37549,424.914215,11],[-1799.01465,-2495.72168,425.010132,10],[-1854.72681,-2470.49341,424.754059,10],[-1912.02917,-2444.61938,423.534973,11],[-1935.52417,-2428.76025,422.659943,11],[-1949.79504,-2401.33325,421.49469,11],[-1949.28845,-2374.33667,420.263672,11],[-1938.44141,-2350.90771,418.996521,11],[-1898.87964,-2302.58936,415.203705,10],[-1853.67004,-2247.82446,411.295715,10],[-1790.86389,-2171.28345,407.627838,10],[-1728.64368,-2095.58228,411.479431,10],[-1701.39087,-2068.65747,406.678192,10],[-1668.31348,-2049.29688,407.152802,10],[-1640.86438,-2040.49255,407.333557,10],[-1567.30371,-2021.12585,408.768799,10],[-1445.12134,-1988.98145,413.545654,10],[-1347.50464,-1963.14282,420.075928,10],[-1274.81836,-1944.06714,424.392212,10],[-1243.48633,-1935.31311,425.893921,6.9999938],[-1228.61548,-1924.7533,427.460876,6.9999938],[-1219.09302,-1910.80298,427.917358,6.9999938],[-1210.87793,-1889.73975,430.13974,6.9999938],[-1197.10352,-1874.14771,432.248016,6.9999938],[-1172.67981,-1858.52454,433.636505,6.9999938],[-1118.76318,-1844.43774,435.273071,6.9999938],[-1055.74731,-1830.15161,436.996368,8.99999619],[-1028.69373,-1823.87048,437.786316,8.99999619],[-1012.89026,-1815.48523,438.593994,7],[-1004.67444,-1807.39636,439.428589,7],[-999.401062,-1799.25745,440.335815,7],[-996.099304,-1790.05432,441.334747,7],[-995.030945,-1781.41736,442.102112,7],[-995.510437,-1771.05115,442.878174,7],[-998.59137,-1761.28284,443.495544,7],[-1004.22388,-1751.74768,444.07196,7],[-1010.77747,-1744.67078,444.549713,7],[-1034.32092,-1715.29077,446.210602,9],[-1057.33276,-1680.18457,446.423004,9],[-1067.96301,-1664.88293,445.796295,9],[-1078.96899,-1652.52258,445.022308,9],[-1093.25342,-1647.33289,444.342377,10],[-1103.97107,-1648.45911,443.95639,10],[-1120.1189,-1659.68628,442.974915,10],[-1141.99707,-1690.49866,439.812714,8],[-1167.37891,-1736.59839,434.890869,7],[-1179.88879,-1758.67883,432.477844,7],[-1191.51929,-1777.39783,430.559967,7],[-1203.12549,-1790.52344,428.909637,8],[-1219.8678,-1804.73547,426.688995,8],[-1252.38721,-1826.22742,422.82373,8],[-1300.83289,-1848.68896,417.43222,8],[-1326.24573,-1859.16162,414.6875,7],[-1356.20557,-1865.24927,411.760193,8],[-1387.79724,-1862.31128,408.931854,8],[-1414.16174,-1851.25867,406.792603,8],[-1493.19849,-1808.09521,404.433472,7.5],[-1529.599,-1790.49915,403.174927,7.5],[-1568.64355,-1779.67749,401.791626,7.5],[-1628.5896,-1771.79639,399.954712,10],[-1677.52673,-1766.57166,399.063354,7],[-1699.31763,-1766.6416,398.973633,7],[-1716.47717,-1771.48804,398.625488,7],[-1729.0575,-1777.68347,398.095703,7],[-1741.13,-1782.86743,397.750763,7],[-1756.55261,-1785.87695,397.38678,7],[-1775.72388,-1783.38391,397.100006,7],[-1795.33801,-1770.19641,396.98764,7],[-1813.46802,-1753.60767,397.067719,7],[-1825.10388,-1741.35449,396.890686,7],[-1835.76514,-1725.57227,396.745209,7],[-1846.12341,-1700.95349,396.799408,7],[-1852.58142,-1684.12744,396.757843,7],[-1860.00574,-1671.84241,396.741455,7],[-1872.2168,-1659.32922,396.905243,7],[-1894.06897,-1645.61084,396.890472,7],[-1912.3822,-1632.38208,396.796967,7],[-1922.87671,-1622.10132,396.619507,7],[-1929.87561,-1608.90918,396.359039,7],[-1936.48376,-1585.08398,395.930969,7],[-1940.90015,-1571.94031,395.662842,7],[-1946.10803,-1564.14661,395.632965,7],[-1954.09277,-1556.31238,395.745361,7],[-1966.09375,-1550.56116,395.960022,7],[-2007.48987,-1542.33423,396.699493,7],[-2088.46436,-1527.12366,397.900208,7.5],[-2116.87598,-1518.55933,398.086517,7.5],[-2131.12671,-1505.69934,398.093689,7.5],[-2141.38403,-1484.54773,397.516754,7.5],[-2144.177,-1442.78174,394.371643,7.5],[-2154.78662,-1412.83044,391.136017,10],[-2188.0498,-1383.35706,387.243103,8],[-2288.24219,-1310.36743,379.453705,7.99999285],[-2339.45093,-1272.27136,378.974213,7.99999285],[-2425.75464,-1209.04639,378.004425,7.49999332],[-2457.33423,-1180.51013,376.050629,7.49999332],[-2478.7085,-1154.87329,375.875183,7.49999332],[-2512.82568,-1110.25098,378.764771,7.49999332],[-2561.70947,-1046.47839,387.940857,7.49999332],[-2604.24658,-991.138489,394.757141,7.49999332],[-2646.88696,-936.170898,397.238708,7.49999332],[-2659.08032,-915.432373,397.963654,7.49999332],[-2665.9043,-893.731445,398.551056,7.49999332],[-2668.5957,-863.413757,399.597748,7.49999332],[-2671.05957,-818.513245,400.047333,7.49999332],[-2668.07715,-780.920044,400.160217,7.49999332],[-2641.07129,-718.41626,400.79245,7.49999332],[-2616.38232,-665.233032,401.907745,7.49999332],[-2602.45288,-615.418945,402.199829,7.49999332],[-2582.03125,-496.090668,402.628632,7.49999332],[-2578.05859,-455.187988,402.793823,7.49999332],[-2580.1936,-401.508301,401.603241,7.49999332],[-2585.37231,-318.262054,397.085388,7.49999332],[-2589.20264,-275.498291,393.355652,7.49999332],[-2601.47559,-215.012863,386.724487,7.49999332],[-2625.27246,-137.995758,379.149963,7.49999332],[-2655.47412,-63.0441666,376.958405,7.49999332],[-2697.31348,33.6011734,377.977966,7.49999332],[-2739.05786,150.320282,373.491119,7.49999332],[-2764.75928,217.681763,371.815094,7.49999332],[-2788.77344,259.614441,370.838074,7.49999332],[-2819.5293,297.855652,367.297241,7.49999332],[-2861.14868,334.013367,363.335175,7.49999332],[-2920.16235,366.128998,359.938477,7.49999332],[-3009.70947,410.307892,355.969727,7.49999332],[-3038.58813,432.045441,354.352173,7.49999332],[-3049.09106,460.501038,352.861633,7.49999332],[-3045.54639,489.8255,350.4151,7.49999332],[-3021.37378,518.918579,346.467682,7.49999332],[-2963.45166,542.184387,339.807587,7.49999332],[-2868.91333,577.728149,332.046265,7.49999332],[-2790.47046,610.622986,324.09021,7.49999332],[-2754.20776,635.352295,319.311951,7.49999332],[-2727.84424,660.388,315.958557,7.49999332],[-2698.0083,683.470215,312.520416,7.49999332],[-2648.58374,712.56665,306.743469,7.49999332],[-2611.96509,743.774658,300.93924,7.49999332],[-2579.57031,777.14502,295.7565,7.49999332],[-2520.10449,835.7229,286.551819,7.49999332],[-2453.10596,887.737732,277.147278,7.49999332],[-2427.82446,909.135071,273.853058,7.49999332],[-2388.45654,948.912964,269.69278,7.49999332],[-2364.48706,979.886353,268.116211,7.49999332],[-2341.70557,1024.71558,270.336914,7.49999332],[-2314.7605,1085.91602,276.883484,7.49999332],[-2294.86426,1130.27979,281.429504,7.49999332],[-2287.80298,1154.39124,282.700592,7.49999332],[-2289.24072,1190.26453,284.063782,7.49999332],[-2289.71289,1244.66309,286.279053,7.49999332],[-2288.07642,1262.16614,287.013794,7.49999332],[-2280.74048,1282.03003,287.891388,7.49999332],[-2265.12646,1303.63574,289.403503,7.49999332],[-2231.64575,1324.41284,292.012024,7.49999332],[-2215.33545,1336.54578,293.378967,7.49999332],[-2201.71289,1356.66077,295.066315,7.49999332],[-2195.76489,1373.15076,296.174683,7.49999332],[-2194.30273,1385.82971,296.880707,7.49999332],[-2199.91113,1399.82544,297.264679,7.49999332],[-2210.7644,1411.46448,297.244659,7.49999332],[-2218.82959,1421.16943,297.348053,7.49999332],[-2224.31152,1434.32886,297.524841,7.49999332],[-2225.0437,1448.04504,297.531403,7.49999332],[-2221.53516,1459.50073,297.279755,7.49999332],[-2213.94189,1471.12573,296.916412,7.49999332],[-2184.64941,1498.37415,295.838928,7.49999332],[-2159.87598,1519.81348,294.864807,7.49999332],[-2071.30859,1582.06238,290.379211,7.49999332],[-2031.974,1617.10693,288.809753,7.49999332],[-1989.11572,1665.33582,288.390656,7.49999332],[-1953.24768,1700.34534,288.294617,7.49999332],[-1849.48865,1793.80615,285.665344,7.49999332],[-1803.93188,1847.26416,283.186829,7.49999332],[-1766.76941,1898.16785,280.340759,7.49999332],[-1753.04871,1926.03796,279.18692,7.49999332],[-1746.4491,1957.68323,278.655243,7.49999332],[-1749.74841,1998.09998,278.094208,7.49999332],[-1772.87817,2101.95117,276.915588,7.49999332],[-1782.76465,2130.09814,277.517212,7.49999332],[-1801.07153,2146.27051,278.276306,7.49999332],[-1824.28247,2152.86157,278.813934,7.49999332],[-1855.27991,2152.13672,278.977661,7.49999332],[-1875.39185,2152.08789,278.750916,7.49999332],[-1897.69128,2159.56543,278.142761,7.49999332],[-1915.55664,2170.80615,277.322571,7.49999332],[-1956.62646,2197.16235,274.750641,7.49999332],[-2006.49341,2236.28467,268.343994,7.49999332],[-2024.17664,2257.01855,265.371124,7.49999332],[-2026.79175,2282.39087,262.516083,7.49999332],[-2020.9856,2302.63257,260.830414,7.49999332],[-2000.67505,2320.44385,258.431213,7.49999332],[-1965.14856,2336.12671,254.689499,7.49999332],[-1900.71362,2368.69238,248.69458,7.49999332],[-1836.71912,2415.98438,241.920349,7.49999332],[-1816.66431,2435.92065,239.158356,7.49999332],[-1802.41199,2462.7644,236.527313,7.49999332],[-1798.49683,2493.25977,234.092407,7.49999332],[-1793.66919,2517.75195,232.150818,7.49999332],[-1774.53955,2550.2522,228.885208,7.49999332],[-1743.49548,2596.36133,224.317917,7.49999332],[-1730.12366,2614.66479,222.490646,7.49999332],[-1711.20093,2632.38232,220.647964,7.49999332],[-1688.4978,2644.8877,218.516479,7.49999332],[-1658.13501,2655.20361,215.74942,7.49999332],[-1633.76709,2656.83081,214.213821,7.49999332],[-1587.21545,2645.6897,212.724777,7.49999332],[-1565.0415,2635.30981,211.858521,7.49999332],[-1509.79321,2598.47656,208.165649,7.49999332],[-1461.9502,2562.08521,204.667694,7.49999332],[-1422.25366,2532.90015,201.773071,7.49999332],[-1405.68982,2518.66016,200.212753,7.49999332],[-1397.21545,2504.83521,199.081238,7.49999332],[-1391.03308,2486.54321,197.930649,7.49999332],[-1386.58289,2473.53198,197.04361,7.49999332],[-1381.22241,2463.73096,196.137375,7.49999332],[-1369.53308,2454.46387,194.790298,7.49999332],[-1355.31982,2450.43799,193.973007,7.49999332],[-1341.96155,2454.15601,193.059235,7.49999332],[-1331.61523,2467.59741,191.415924,7.49999332],[-1322.9845,2482.33618,190.154037,7.49999332],[-1312.26917,2496.26221,189.390625,7.49999332],[-1293.63501,2507.91528,188.632248,7.49999332],[-1266.50305,2513.89868,187.132187,7.49999332],[-1218.58545,2518.16943,183.745697,7.49999332],[-1086.68262,2521.63477,173.933975,7.49999332],[-1048.3512,2521.28345,170.946991,7.49999332],[-1009.71588,2513.8855,167.477112,7.49999332],[-943.125854,2495.11719,161.980408,7.49999332],[-919.599365,2488.76343,160.541626,7.49999332],[-903.037598,2487.28052,159.672226,7.49999332],[-885.710632,2491.2561,158.922958,7.49999332],[-872.620789,2500.86865,158.266144,7.49999332],[-859.759521,2518.01953,157.383728,7.49999332],[-841.662598,2547.13989,155.969864,7.49999332],[-832.092773,2569.23193,154.496704,7.49999332],[-826.725769,2592.25073,153.574066,7.49999332],[-826.524658,2622.17871,154.955582,7.49999332],[-827.414246,2649.48901,158.562225,7.49999332],[-826.392212,2670.97266,161.904373,7.49999332],[-816.988831,2685.19727,164.2267,7.49999332],[-791.669006,2699.96118,167.892654,7.49999332],[-747.824707,2718.32178,172.843567,7.49999332],[-694.793335,2737.31348,176.630188,7.49999332],[-631.46582,2757.31299,177.5979,7.49999332],[-564.977478,2774.67114,175.77774,7.49999332],[-483.72113,2790.33545,176.48288,7.49999332],[-351.316895,2814.79175,179.668152,7.49999332],[-317.935669,2822.83569,180.150848,7.49999332],[-283.08139,2843.80273,180.384399,7.49999332],[-164.691025,2927.06689,178.52655,7.49999332],[-163.941498,2927.12769,178.504456,7.49999332],[-139.033569,2942.91333,178.108521,7.49999332],[-118.148102,2949.24951,178.052155,7.49999332],[-87.7592926,2949.396,178.09906,7.49999332],[-63.841423,2937.40869,178.54541,7.49999332],[-49.9693947,2915.29688,179.53038,7.49999332],[-39.5335197,2860.63428,183.06369,7.49999332],[-40.0919266,2828.62695,185.155518,7.49999332],[-51.9725113,2722.27734,192.069244,7.49999332],[-52.229847,2681.66577,194.386948,7.49999332],[-50.0094528,2575.74121,200.69574,7.49999332],[-36.0064354,2506.50757,205.622681,7.49999332],[-18.6180363,2457.92041,207.537888,7.49999332],[-1.7856214,2426.5791,208.156631,7.49999332],[54.4665451,2360.70459,211.845642,7.49999332],[120.477249,2313.72925,216.698532,7.49999332],[169.868622,2289.5293,219.959412,7.49999332],[311.869507,2226.75903,222.977402,7.49999332],[382.225769,2218.73389,225.427277,7.49999332],[506.909454,2219.34521,232.704651,7.49999332],[654.338745,2199.46411,244.290192,7.49999332],[765.408752,2182.37256,253.628448,7.49999332],[857.716614,2154.47681,263.725616,7.49999332],[936.248596,2126.9873,271.024445,7.49999332],[989.137268,2093.91821,276.583923,7.49999332],[1037.99548,2050.3689,282.221924,7.49999332],[1072.26245,2024.00098,285.695068,7.49999332],[1122.11072,1996.70435,290.289368,7.49999332],[1193.74658,1961.34595,297.808136,7.49999332],[1220.0448,1951.58167,300.760254,7.49999332],[1244.35181,1950.10693,303.282104,7.49999332],[1288.90027,1955.2821,308.002136,7.49999332],[1311.2041,1961.1355,310.349457,7.49999332],[1349.29382,1979.15906,314.171783,7.49999332],[1407.12451,2008.60706,319.235962,7.49999332],[1460.27881,2043.64941,323.930603,7.49999332],[1524.03796,2090.1084,330.986511,7.49999332],[1570.03552,2130.14697,334.058441,7.49999332],[1598.36243,2149.29053,335.215698,7.49999332],[1632.08215,2160.28564,336.293915,7.49999332],[1783.9668,2180.64429,348.111816,7.49999332],[1820.51099,2185.04614,350.614746,7.49999332],[1860.64246,2196.15332,352.828491,7.49999332],[1886.05652,2200.43604,353.932922,7.49999332],[1903.77051,2196.91968,354.689758,7.49999332],[1920.59644,2182.8335,355.539642,7.49999332],[1929.68066,2164.46387,356.417389,7.49999332],[1927.64148,2139.44189,356.971222,7.49999332],[1915.47021,2109.46362,357.78479,7.49999332],[1891.15308,2088.43945,358.891022,7.49999332],[1847.20361,2054.86304,362.881592,7.49999332],[1817.77612,2036.31079,365.318237,7.49999332],[1784.1333,2006.78271,368.222412,7.49999332],[1762.25549,1989.33154,369.984467,7.49999332],[1737.88,1974.00977,371.850891,7.49999332],[1704.29431,1950.271,374.416107,7.49999332],[1684.30115,1940.11169,375.594635,7.49999332],[1666.03455,1930.37622,376.370605,7.49999332],[1656.04224,1919.67603,376.940613,7.49999332],[1652.76318,1898.3418,377.371857,7.49999332],[1661.16565,1882.64697,377.363647,7.49999332],[1675.10107,1872.58569,377.357056,7.49999332],[1695.76294,1871.44385,377.28302,7.49999332],[1712.63318,1882.45752,376.987701,7.49999332],[1721.45508,1899.73425,376.636169,7.49999332],[1731.96631,1922.14673,375.91922,7.49999332],[1743.8584,1939.06934,375.097839,7.49999332],[1777.64258,1965.49731,373.676331,7.49999332],[1799.90015,1982.09387,372.962341,7.49999332],[1820.05542,1992.47742,373.003601,7.49999332],[1878.39453,2010.08203,374.474854,7.49999332],[1983.63232,2040.51025,377.691772,7.49999332],[2030.93176,2047.16919,381.202087,7.49999332],[2076.97974,2051.38672,386.543213,7.49999332],[2097.30493,2056.95117,388.862457,7.49999332],[2121.83398,2072.31641,391.717529,7.49999332],[2179.36084,2115.50586,397.346069,7.49999332],[2213.65186,2150.00586,402.589661,7.49999332],[2248.79126,2199.77148,410.583374,7.49999332],[2260.08594,2225.61646,414.156708,7.49999332],[2260.25293,2252.9519,417.640564,7.49999332],[2253.86426,2288.4187,423.094604,7.49999332],[2253.19092,2309.37451,426.112518,7.49999332],[2258.09619,2327.43848,428.476837,7.49999332],[2272.87915,2349.65332,431.041443,7.49999332],[2317.53979,2412.19336,435.265442,7.49999332],[2330.68579,2426.6001,435.20578,7.49999332],[2346.05127,2435.7605,434.810516,7.49999332],[2367.27002,2440.69702,434.535583,7.49999332],[2391.99048,2437.20068,434.412354,7.49999332],[2419.97217,2423.14551,434.100677,7.49999332],[2453.4624,2404.03589,433.17337,7.49999332],[2479.05347,2394.44653,432.02063,7.49999332],[2520.56689,2385.22217,428.980255,7.49999332],[2606.30444,2357.53101,424.273834,7.49999332],[2633.61938,2344.70117,422.608887,7.49999332],[2660.37256,2321.75269,420.942108,7.49999332],[2681.87354,2289.14502,419.053162,7.49999332],[2693.58984,2270.50537,417.964539,7.49999332],[2706.91479,2254.77466,416.860229,7.49999332],[2724.36206,2242.57666,415.685303,7.49999332],[2754.33984,2228.32251,413.374298,7.49999332],[2770.13232,2223.92041,412.170471,7.49999332],[2798.25586,2222.77783,410.145813,7.49999332],[2818.35938,2219.07422,408.755798,7.49999332],[2831.8042,2213.7561,407.517181,7.49999332],[2848.6814,2199.42554,405.276947,7.49999332],[2882.03027,2160.29126,400.495789,7.49999332],[2922.03149,2111.3623,398.556641,7.49999332],[2936.646,2090.94629,400.767853,7.49999332],[2947.26245,2066.59009,402.712494,7.49999332],[2949.22144,2033.85046,403.888794,7.49999332],[2940.73267,2006.32007,403.599091,7.49999332],[2920.57153,1969.16528,401.105072,7.49999332],[2905.2832,1934.73193,397.03302,7.49999332],[2885.72778,1880.27759,390.063843,7.49999332],[2881.59253,1852.54004,387.058319,7.49999332],[2887.83472,1829.44312,384.824677,7.49999332],[2906.45483,1806.2345,381.730988,7.49999332],[2927.00244,1786.06152,378.383545,7.49999332],[2951.22778,1771.21558,374.835083,7.49999332],[2977.13843,1763.25232,371.851624,7.49999332],[3003.06299,1758.5022,369.619629,7.49999332],[3028.66821,1751.88611,366.904816,7.49999332],[3047.26758,1738.77808,364.486328,7.49999332],[3057.51514,1720.87988,362.432434,7.49999332],[3061.04102,1697.97961,360.273132,7.49999332],[3068.55151,1589.07141,357.806091,7.49999332],[3069.69727,1560.96948,359.240021,7.49999332],[3063.63037,1539.20239,360.993835,7.49999332],[3051.26636,1523.43738,362.661255,7.49999332],[3032.38599,1511.58765,364.47049,7.49999332],[3008.14966,1507.47131,366.013153,7.49999332],[3007.69263,1507.5769,366.028503,7.49999332],[2950.81104,1510.20215,367.866211,7.49999332],[2869.93677,1519.69336,367.666504,7.49999332],[2831.62158,1524.1355,369.610687,7.49999332],[2807.8396,1522.6156,371.391266,7.49999332],[2786.9519,1515.47864,373.03891,7.49999332],[2769.14038,1497.01526,374.562561,7.49999332],[2762.2627,1473.04138,376.449829,7.49999332],[2755.85156,1451.93884,378.384216,7.49999332],[2739.63794,1425.5188,379.784149,7.49999332],[2685.71704,1360.0813,377.608521,7.49999332],[2671.09595,1340.81165,375.875946,7.49999332],[2657.19482,1313.80054,372.88382,7.49999332],[2633.93799,1255.37976,365.657166,7.49999332],[2629.32544,1231.66663,362.934204,7.49999332],[2633.44458,1185.0072,359.274261,7.49999332],[2637.39697,1148.88,357.905518,7.49999332],[2633.271,1099.50378,357.137421,7.49999332],[2631.77441,1072.78345,356.557098,7.49999332],[2634.00244,1003.07385,355.156616,7.49999332],[2632.2478,978.770813,356.270813,7.49999332],[2623.45239,957.657471,357.239807,7.49999332],[2589.95068,920.195557,359.822205,7.49999332],[2567.97485,902.112061,361.652252,7.49999332],[2543.49561,892.473389,363.137909,7.49999332],[2501.44873,883.644653,365.511444,7.49999332],[2462.21216,874.999268,365.745422,7.49999332],[2437.64282,863.193604,365.009735,7.49999332],[2418.24951,845.964172,364.364227,7.49999332],[2338.34277,766.964905,363.872192,7.49999332],[2306.65332,725.266663,361.008057,7.49999332],[2285.27588,682.478088,354.61087,7.49999332],[2254.27637,620.98877,351.591278,7.49999332],[2230.4209,584.431335,353.52475,7.49999332],[2204.10425,557.947021,354.536743,7.49999332],[2174.72192,536.076111,355.356445,7.49999332],[2152.80469,526.525696,355.769012,7.49999332],[2124.30396,513.237976,355.594666,7.49999332],[2093.18896,490.44812,354.718231,7.49999332],[2068.26367,471.668396,353.578064,7.49999332],[2042.49414,457.273315,352.886993,7.49999332],[2008.03491,446.101227,352.167328,7.49999332],[1965.49951,439.408752,351.314606,7.49999332],[1912.53796,428.383636,350.182495,7.49999332],[1849.69617,407.267975,350.522278,7.49999332],[1800.14136,390.482727,351.64801,7.49999332],[1745.60938,374.053864,353.394867,7.49999332],[1692.51697,365.853149,354.169617,7.49999332],[1653.2511,365.359406,354.632019,7.49999332],[1623.8092,373.700256,355.486511,7.49999332],[1599.07349,389.816528,356.590546,7.49999332],[1570.09705,417.732788,358.854889,7.49999332],[1538.23962,445.444183,362.33783,7.49999332],[1514.40234,458.285919,364.740875,7.49999332],[1498.07959,462.714233,366.089264,7.49999332],[1480.38391,462.118164,367.204956,7.49999332],[1455.05786,453.708557,368.337219,7.49999332],[1429.24646,439.024109,368.901367,7.49999332],[1348.73425,387.045197,367.354584,7.49999332],[1322.45813,369.486023,367.554138,7.49999332],[1306.42456,349.895142,368.344788,10],[1300.60132,326.992828,369.926422,10],[1305.45435,310.285095,370.612915,10],[1323.56946,286.211823,370.762421,7.49999332],[1348.70508,258.60849,370.67865,7.49999332],[1363.88293,244.707031,370.710938,7.49999332],[1385.72534,230.569778,370.321533,7.49999332],[1441.95129,205.601028,367.748566,7.49999332],[1518.00134,176.625748,369.764587,7.49999332],[1571.26111,158.224792,374.686157,7.49999332],[1589.59595,149.711212,376.355072,7.49999332],[1603.63757,134.910065,377.780487,7.49999332],[1634.1709,85.049408,380.822876,7.49999332],[1642.70947,61.0083427,381.863342,7.49999332],[1656.16467,6.29736137,381.802338,7.49999332],[1659.17566,-30.9720364,380.002441,7.49999332],[1652.15039,-68.8273239,376.786316,7.49999332],[1641.82886,-94.1302338,374.48526,7.49999332],[1624.61792,-118.92244,372.786743,7.49999332],[1598.33557,-143.718979,372.313568,7.49999332],[1555.60242,-168.104462,372.916138,7.49999332],[1437.047,-228.371567,373.495697,11],[1331.02075,-288.285858,372.573761,11.300005],[1252.84265,-332.285339,370.95462,11.300005],[1008.1499,-470.565094,368.224762,11.300005],[673.323608,-660.241211,370.18808,11.300005],[505.037476,-758.61731,372.982422,11.300005],[292.588684,-884.413635,384.516968,11.300005],[-115.265404,-1125.69641,405.151917,11.300005],[-206.654022,-1179.7832,405.40332,11.300005],[-249.569504,-1205.48303,405.376831,11.300005],[-275.165802,-1222.15259,405.330414,11.300005],[-305.471619,-1246.03271,404.964569,11.300005],[-324.645996,-1265.39978,404.483582,11.300005],[-359.220947,-1304.83911,403.276367,10],[-439.077301,-1397.15051,399.425995,8.09999275],[-521.112732,-1491.20959,405.584747,7.39999342],[-548.342468,-1528.13904,408.623718,7.39999342],[-569.577271,-1567.8739,412.346893,7.39999342],[-577.40979,-1584.04211,413.766754,7.39999342],[-585.622986,-1598.59314,414.998383,7.39999342],[-599.616577,-1618.77026,416.66626,7.39999342],[-619.343262,-1640.13916,418.286194,7.39999342],[-667.437866,-1683.85754,421.957214,7.39999342],[-696.532227,-1709.98706,424.164307,7.39999342],[-715.246582,-1734.09949,425.599457,10.1000004],[-729.890991,-1765.8645,427.807251,7.39999342],[-733.182373,-1775.38062,428.399414,7.39999342],[-740.214478,-1785.19531,429.139801,7.39999342],[-746.777222,-1791.2915,429.772583,7.39999342],[-754.24176,-1794.95239,430.233276,7.39999342],[-767.148071,-1796.92883,431.222839,7.39999342],[-784.456482,-1794.64563,432.426788,7.39999342],[-798.300781,-1791.8147,433.466827,7.39999342],[-808.719177,-1790.66333,434.125244,7.39999342],[-820.55426,-1792.34998,434.826019,7.39999342],[-833.385254,-1797.29224,435.597473,7.39999342],[-844.262451,-1803.0647,436.137024,7.39999342],[-861.467163,-1813.98267,437.029724,7.39999342],[-888.319397,-1831.5553,437.945526,7.39999342],[-909.252502,-1845.24084,438.50708,8.8999958],[-944.957825,-1868.21021,439.135193,13.0000114],[-964.596802,-1881.09521,439.30896,16.8000145],[-977.085388,-1894.17346,439.241791,14.8000069],[-988.618591,-1907.995,439.159668,12.4999981]],"oneWay":true,"overObjects":true}
{"name":"cre_start_gpTrackasset","class":"TSStatic","__parent":"gpTrack","position":[-1143.57043,-2064.58545,438.059692],"collisionType":"None","decalType":"None","hidden":true,"isRenderEnabled":false,"rotationMatrix":[0.499686539,0.866206169,-2.98023188e-08,-0.865967929,0.499549121,-0.0234496221,-0.0203122031,0.0117174806,0.999724865],"shapeName":"/levels/ks_nord/checkeredLineShort.dae"}
{"name":"cre_start_gpTrackasset0","class":"TSStatic","__parent":"gpTrack","position":[-1816.09998,-2758.43433,420.343964],"collisionType":"None","decalType":"None","hidden":true,"isRenderEnabled":false,"prebuildCollisionData":true,"shapeName":"/levels/ks_nord/24h2.dae","useInstanceRenderData":true}
{"name":"cre_start_gpTrackasset1","class":"TSStatic","__parent":"gpTrack","position":[-1820.40002,-2844.09717,410],"collisionType":"None","decalType":"None","hidden":true,"isRenderEnabled":false,"prebuildCollisionData":true,"shapeName":"/levels/ks_nord/24h.dae","useInstanceRenderData":true}
{"name":"cre_start_gpTrackasset2","class":"TSStatic","__parent":"gpTrack","position":[-1012.1275,-1787.87683,440.526398],"collisionType":"None","decalType":"None","hidden":true,"isRenderEnabled":false,"rotationMatrix":[0.953748703,0.282691658,0.102217436,-0.284180284,0.958770752,-1.78722654e-08,-0.0980031192,-0.029048223,0.994761944],"shapeName":"/levels/automation_test_track/art/shapes/objects/tirewall.dae"}
{"name":"cre_start_gpTrackasset3","class":"TSStatic","__parent":"gpTrack","position":[-1015.95929,-1789.54834,440.099579],"collisionType":"None","decalType":"None","hidden":true,"isRenderEnabled":false,"rotationMatrix":[0.847699344,0.521207273,0.0987344682,-0.521345377,0.852935553,-0.0264558326,-0.0980031192,-0.029048223,0.994761944],"shapeName":"/levels/automation_test_track/art/shapes/objects/tirewall.dae"}
{"name":"cre_start_gpTrackasset4","class":"TSStatic","__parent":"gpTrack","position":[-1007.85968,-1787.77283,440.951141],"collisionType":"None","decalType":"None","hidden":true,"isRenderEnabled":false,"rotationMatrix":[0.969569862,-0.225365698,0.0956236348,0.218158603,0.972608924,0.0802376717,-0.111087255,-0.0569348633,0.992178261],"shapeName":"/levels/automation_test_track/art/shapes/objects/tirewall.dae"}
{"name":"cre_start_gpTrackasset5","class":"TSStatic","__parent":"gpTrack","position":[-1003.88843,-1788.79541,441.104279],"collisionType":"None","decalType":"None","hidden":true,"isRenderEnabled":false,"rotationMatrix":[0.957053125,-0.289821297,-0.00727257412,0.289235204,0.952803075,0.0922457427,-0.0198054537,-0.0903875679,0.995709717],"shapeName":"/levels/automation_test_track/art/shapes/objects/tirewall.dae"}
{"name":"cre_start_gpTrackasset6","class":"TSStatic","__parent":"gpTrack","position":[-989.308594,-1796.84253,440.869385],"collisionType":"None","decalType":"None","hidden":true,"isRenderEnabled":false,"rotationMatrix":[0.792195916,-0.605954707,-0.0724169239,0.607902884,0.793985903,0.00633566454,0.0536588654,-0.0490415581,0.99735409],"shapeName":"/levels/automation_test_track/art/shapes/objects/tirewall.dae"}
{"name":"cre_start_gpTrackasset7","class":"TSStatic","__parent":"gpTrack","position":[-1000.01935,-1790.49817,441.087585],"collisionType":"None","decalType":"None","hidden":true,"isRenderEnabled":false,"rotationMatrix":[0.880604565,-0.473760217,0.00931440387,0.470214427,0.876106977,0.106464043,-0.0585988685,-0.0893729329,0.994272768],"shapeName":"/levels/automation_test_track/art/shapes/objects/tirewall.dae"}
{"name":"cre_start_gpTrackasset8","class":"TSStatic","__parent":"gpTrack","position":[-996.323853,-1792.43091,441.133606],"collisionType":"None","decalType":"None","hidden":true,"isRenderEnabled":false,"rotationMatrix":[0.876862586,-0.480650187,0.00933974516,0.477049708,0.872368634,0.106753692,-0.0594589189,-0.0891528726,0.994241476],"shapeName":"/levels/automation_test_track/art/shapes/objects/tirewall.dae"}
{"name":"cre_start_gpTrackasset9","class":"TSStatic","__parent":"gpTrack","position":[-992.669739,-1794.44763,441.113708],"collisionType":"None","decalType":"None","hidden":true,"isRenderEnabled":false,"rotationMatrix":[0.872834384,-0.487684309,-0.0180034842,0.48661387,0.866938293,0.107818931,-0.0369736999,-0.10286881,0.994007528],"shapeName":"/levels/automation_test_track/art/shapes/objects/tirewall.dae"}
{"name":"alt_asset0","class":"TSStatic","__parent":"gpTrack","position":[-1651.04651,-2418.21973,425.593781],"collisionType":"None","decalType":"None","hidden":true,"isRenderEnabled":false,"prebuildCollisionData":true,"shapeName":"/levels/ks_nord/24h1.dae","useInstanceRenderData":true}
{"name":"alt_asset1","class":"TSStatic","__parent":"gpTrack","position":[-1820.40002,-2844.09717,410],"collisionType":"None","decalType":"None","hidden":true,"isRenderEnabled":false,"prebuildCollisionData":true,"shapeName":"/levels/ks_nord/24h.dae","useInstanceRenderData":true}
{"name":"alt_asset2","class":"TSStatic","__parent":"gpTrack","position":[-1816.09998,-2758.43433,420.343964],"collisionType":"None","decalType":"None","hidden":true,"isRenderEnabled":false,"prebuildCollisionData":true,"shapeName":"/levels/ks_nord/24h2.dae","useInstanceRenderData":true}
{"name":"alt_asset3","class":"TSStatic","__parent":"gpTrack","position":[-908.387634,-1834.48792,438.583282],"collisionType":"None","decalType":"None","hidden":true,"isRenderEnabled":false,"rotationMatrix":[0.838046193,0.545001864,-0.0255208574,-0.544885993,0.838425457,0.0119005973,0.0278831925,0.00393272564,0.999603331],"shapeName":"/levels/automation_test_track/art/shapes/objects/tirewall.dae"}
{"name":"alt_asset4","class":"TSStatic","__parent":"gpTrack","position":[-988.563232,-1762.62134,443.228577],"collisionType":"None","decalType":"None","hidden":true,"isRenderEnabled":false,"rotationMatrix":[0.405063003,-0.912601054,-0.0555245839,0.9138906,0.405930996,-0.00485777855,0.026972346,-0.0487756208,0.998445272],"shapeName":"/levels/automation_test_track/art/shapes/objects/tirewall.dae"}
{"name":"alt_asset5","class":"TSStatic","__parent":"gpTrack","position":[-905.699402,-1831.49927,438.504303],"collisionType":"None","decalType":"None","hidden":true,"isRenderEnabled":false,"rotationMatrix":[0.438858569,0.898202777,-0.0251914486,-0.898152828,0.439328969,0.0176392701,0.026910942,0.0148846302,0.999526799],"shapeName":"/levels/automation_test_track/art/shapes/objects/tirewall.dae"}
{"name":"alt_asset6","class":"TSStatic","__parent":"gpTrack","position":[-986.672791,-1795.54956,440.996552],"collisionType":"None","decalType":"None","hidden":true,"isRenderEnabled":false,"rotationMatrix":[-0.214409694,-0.970237195,-0.11255233,0.976732016,-0.213542715,-0.0198460259,-0.00477937888,-0.114188619,0.993447423],"shapeName":"/levels/automation_test_track/art/shapes/objects/tirewall.dae"}
{"name":"alt_asset7","class":"TSStatic","__parent":"gpTrack","position":[-937.877563,-1851.67407,439.072479],"collisionType":"None","decalType":"None","hidden":true,"isRenderEnabled":false,"rotationMatrix":[0.761820197,0.647758961,-0.00619753078,-0.646370053,0.760749936,0.0588672571,0.0428465605,-0.0408403687,0.99824661],"shapeName":"/levels/automation_test_track/art/shapes/objects/tirewall.dae"}
{"name":"alt_asset8","class":"TSStatic","__parent":"gpTrack","position":[-1258.06274,-1929.93079,426.161194],"collisionType":"None","decalType":"None","hidden":true,"isRenderEnabled":false,"rotationMatrix":[0.916314244,0.397005081,0.0524863489,-0.39819181,0.917194128,0.0140637066,-0.0425568223,-0.0337864645,0.99852246],"shapeName":"/levels/automation_test_track/art/shapes/objects/tirewall.dae"}
{"name":"alt_asset9","class":"TSStatic","__parent":"gpTrack","position":[-934.438599,-1849.26672,439.023346],"collisionType":"None","decalType":"None","hidden":true,"isRenderEnabled":false,"rotationMatrix":[0.853465438,0.520924151,-0.0153201493,-0.51938504,0.85262531,0.0571755581,0.0428465568,-0.0408404395,0.998246491],"shapeName":"/levels/automation_test_track/art/shapes/objects/tirewall.dae"}
{"name":"alt_asset10","class":"TSStatic","__parent":"gpTrack","position":[-1254.18188,-1928.41394,426.360687],"collisionType":"None","decalType":"None","hidden":true,"isRenderEnabled":false,"rotationMatrix":[0.939182401,0.340332091,0.045935899,-0.341539443,0.939623117,0.0214202404,-0.0358723663,-0.0358063541,0.998714507],"shapeName":"/levels/automation_test_track/art/shapes/objects/tirewall.dae"}
{"name":"alt_asset11","class":"TSStatic","__parent":"gpTrack","position":[-930.769043,-1846.95862,438.960297],"collisionType":"None","decalType":"None","hidden":true,"isRenderEnabled":false,"rotationMatrix":[0.853465438,0.520924151,-0.0153201493,-0.51938504,0.85262531,0.0571755581,0.0428465568,-0.0408404395,0.998246491],"shapeName":"/levels/automation_test_track/art/shapes/objects/tirewall.dae"}
{"name":"alt_asset12","class":"TSStatic","__parent":"gpTrack","position":[-1250.1665,-1927.1532,426.584747],"collisionType":"None","decalType":"None","hidden":true,"isRenderEnabled":false,"rotationMatrix":[0.963191032,0.26308912,0.0551968589,-0.264250606,0.964340508,0.0147899855,-0.0493374504,-0.0288314018,0.99836576],"shapeName":"/levels/automation_test_track/art/shapes/objects/tirewall.dae"}
{"name":"alt_asset13","class":"TSStatic","__parent":"gpTrack","position":[-926.993835,-1844.8291,438.900238],"collisionType":"None","decalType":"None","hidden":true,"isRenderEnabled":false,"rotationMatrix":[0.884794593,0.46589905,-0.00874658674,-0.465689689,0.884749174,0.0187571831,0.0164775606,-0.0125231054,0.999785662],"shapeName":"/levels/automation_test_track/art/shapes/objects/tirewall.dae"}
{"name":"alt_asset14","class":"TSStatic","__parent":"gpTrack","position":[-985.47052,-1783.17932,442.054352],"collisionType":"None","decalType":"None","hidden":true,"isRenderEnabled":false,"rotationMatrix":[0.0337036178,-0.997467279,-0.0626330599,0.999402821,0.0341131017,-0.00547968689,0.00760241784,-0.062410906,0.998021424],"shapeName":"/levels/automation_test_track/art/shapes/objects/tirewall.dae"}
{"name":"alt_asset15","class":"TSStatic","__parent":"gpTrack","position":[-923.223694,-1842.83044,438.861023],"collisionType":"None","decalType":"None","hidden":true,"isRenderEnabled":false,"rotationMatrix":[0.881803572,0.471493125,-0.0107980389,-0.471030474,0.881617785,0.0296673644,0.0235077143,-0.0210745875,0.999501288],"shapeName":"/levels/automation_test_track/art/shapes/objects/tirewall.dae"}
{"name":"alt_asset16","class":"TSStatic","__parent":"gpTrack","position":[-985.600098,-1779.07056,442.316864],"collisionType":"None","decalType":"None","hidden":true,"isRenderEnabled":false,"rotationMatrix":[0.04249084,-0.996745706,-0.068499282,0.998707473,0.04428792,-0.0249317363,0.0278842878,-0.0673514083,0.997339368],"shapeName":"/levels/automation_test_track/art/shapes/objects/tirewall.dae"}
{"name":"alt_asset17","class":"TSStatic","__parent":"gpTrack","position":[-919.51178,-1840.79651,438.816589],"collisionType":"None","decalType":"None","hidden":true,"isRenderEnabled":false,"rotationMatrix":[0.881803572,0.471493125,-0.0107980389,-0.471030474,0.881617785,0.0296673644,0.0235077143,-0.0210745875,0.999501288],"shapeName":"/levels/automation_test_track/art/shapes/objects/tirewall.dae"}
